Name Latitude Longitude Sea_ID Vertex_Index
Central_Arctic 76.0917 -180.0000 1 1
Central_Arctic 76.0917 -156.4667 1 2
Central_Arctic 76.0917 -123.0167 1 3
Central_Arctic 76.2500 -120.5000 1 4
Central_Arctic 77.3800 -116.1700 1 5
Central_Arctic 77.5000 -116.5000 1 6
Central_Arctic 78.0000 -114.6000 1 7
Central_Arctic 78.3400 -113.2900 1 8
Central_Arctic 78.5000 -110.9000 1 9
Central_Arctic 78.7300 -110.5000 1 10
Central_Arctic 79.2670 -105.0000 1 11
Central_Arctic 80.1000 -99.7000 1 12
Central_Arctic 81.3000 -94.0000 1 13
Central_Arctic 81.6400 -91.7500 1 14
Central_Arctic 81.8000 -90.0000 1 15
Central_Arctic 81.8560 -79.4250 1 16
Central_Arctic 82.0000 -75.0000 1 17
Central_Arctic 82.4000 -67.0000 1 18
Central_Arctic 82.3500 -61.5000 1 19
Central_Arctic 82.0000 -58.0000 1 20
Central_Arctic 80.0000 -53.0000 1 21
Central_Arctic 80.0000 -45.0000 1 22
Central_Arctic 80.4000 -22.5000 1 23
Central_Arctic 81.0650 -19.1346 1 24
Central_Arctic 81.4000 -12.2500 1 25
Central_Arctic 79.7500 11.5000 1 26
Central_Arctic 79.0000 14.5000 1 27
Central_Arctic 78.7500 18.0000 1 28
Central_Arctic 79.7100 17.0000 1 29
Central_Arctic 79.9000 22.0000 1 30
Central_Arctic 80.1500 32.5000 1 31
Central_Arctic 80.6000 45.0000 1 32
Central_Arctic 80.9000 50.7000 1 33
Central_Arctic 81.1000 54.5000 1 34
Central_Arctic 81.8000 59.0000 1 35
Central_Arctic 81.0000 65.0000 1 36
Central_Arctic 81.2167 95.2500 1 37
Central_Arctic 76.0917 138.8333 1 38
Central_Arctic 76.0917 178.7500 1 39
Central_Arctic 76.0917 180.0000 1 40
Central_Arctic 90.0000 180.0000 1 41
Central_Arctic 90.0000 -180.0000 1 42
Central_Arctic 76.0917 -180.0000 1 43
Beaufort 76.0917 -123.0167 2 1
Beaufort 74.3417 -124.7667 2 2
Beaufort 74.0000 -122.5000 2 3
Beaufort 72.2500 -124.0000 2 4
Beaufort 71.9667 -126.0167 2 5
Beaufort 70.5750 -128.0333 2 6
Beaufort 70.0000 -127.5000 2 7
Beaufort 66.5635 -127.5000 2 8
Beaufort 66.5635 -156.4667 2 9
Beaufort 71.3840 -156.4667 2 10
Beaufort 76.0917 -156.4667 2 11
Beaufort 76.0917 -123.0167 2 12
Chukchi-NA 76.0917 -156.4667 3 1
Chukchi-NA 71.3840 -156.4667 3 2
Chukchi-NA 66.5635 -156.4667 3 3
Chukchi-NA 66.5635 -158.0000 3 4
Chukchi-NA 65.6500 -158.0000 3 5
Chukchi-NA 65.6500 -168.0833 3 6
Chukchi-NA 66.0500 -169.6500 3 7
Chukchi-NA 66.0500 -175.5000 3 8
Chukchi-NA 66.5635 -175.5000 3 9
Chukchi-NA 66.5635 -180.0000 3 10
Chukchi-NA 76.0917 -180.0000 3 11
Chukchi-NA 76.0917 -156.4667 3 12
Chukchi-Asia 76.0917 180.0000 3 1
Chukchi-Asia 66.5635 180.0000 3 2
Chukchi-Asia 66.5635 178.7500 3 3
Chukchi-Asia 68.9560 178.7500 3 4
Chukchi-Asia 70.7800 178.7500 3 5
Chukchi-Asia 76.0917 178.7500 3 6
Chukchi-Asia 76.0917 180.0000 3 7
E_Siberian 76.0917 178.7500 4 1
E_Siberian 70.7800 178.7500 4 2
E_Siberian 68.9560 178.7500 4 3
E_Siberian 66.5635 178.7500 4 4
E_Siberian 66.5635 141.2000 4 5
E_Siberian 72.7000 141.2000 4 6
E_Siberian 73.4333 139.8333 4 7
E_Siberian 74.0083 140.5833 4 8
E_Siberian 76.0917 138.8333 4 9
E_Siberian 76.0917 178.7500 4 10
Laptev 76.0917 138.8333 5 1
Laptev 74.0083 140.5833 5 2
Laptev 73.4333 139.8333 5 3
Laptev 72.7000 141.2000 5 4
Laptev 66.5635 141.2000 5 5
Laptev 66.5635 103.0000 5 6
Laptev 77.0000 103.0000 5 7
Laptev 77.5492 105.9011 5 8
Laptev 78.2833 104.8333 5 9
Laptev 79.4178 102.5167 5 10
Laptev 79.6603 100.3561 5 11
Laptev 81.2167 95.2500 5 12
Laptev 76.0917 138.8333 5 13
Kara 81.2167 95.2500 6 1
Kara 79.6603 100.3561 6 2
Kara 79.4178 102.5167 6 3
Kara 78.2833 104.8333 6 4
Kara 77.5492 105.9011 6 5
Kara 77.0000 103.0000 6 6
Kara 66.5635 103.0000 6 7
Kara 66.5635 75.0000 6 8
Kara 65.5000 75.0000 6 9
Kara 65.5000 64.0000 6 10
Kara 69.6400 60.6900 6 11
Kara 70.3000 58.7000 6 12
Kara 70.6000 57.3000 6 13
Kara 71.3000 55.0000 6 14
Kara 73.0000 55.0000 6 15
Kara 75.0000 58.5000 6 16
Kara 75.8000 62.3000 6 17
Kara 76.8000 68.6000 6 18
Kara 81.0000 65.0000 6 19
Kara 81.2167 95.2500 6 20
Barents 81.0000 65.0000 7 1
Barents 76.8000 68.6000 7 2
Barents 75.8000 62.3000 7 3
Barents 75.0000 58.5000 7 4
Barents 73.0000 55.0000 7 5
Barents 71.3000 55.0000 7 6
Barents 70.6000 57.3000 7 7
Barents 70.3000 58.7000 7 8
Barents 69.6400 60.6900 7 9
Barents 65.5000 64.0000 7 10
Barents 62.0000 64.0000 7 11
Barents 62.0000 34.0000 7 12
Barents 66.5635 29.0000 7 13
Barents 70.0000 24.0000 7 14
Barents 71.0000 25.7830 7 15
Barents 72.0000 19.0000 7 16
Barents 74.4400 19.0000 7 17
Barents 76.7000 16.7000 7 18
Barents 77.0000 17.0000 7 19
Barents 77.7500 17.1500 7 20
Barents 78.7500 18.0000 7 21
Barents 79.7100 17.0000 7 22
Barents 79.9000 22.0000 7 23
Barents 80.1500 28.0000 7 24
Barents 80.1500 32.5000 7 25
Barents 80.6000 45.0000 7 26
Barents 80.9000 50.7000 7 27
Barents 81.1000 54.5000 7 28
Barents 81.8000 59.0000 7 29
Barents 81.6500 63.0000 7 30
Barents 81.0000 65.0000 7 31
E_Greenland 78.7500 18.0000 8 1
E_Greenland 77.7500 17.1500 8 2
E_Greenland 77.0000 17.0000 8 3
E_Greenland 76.7000 16.7000 8 4
E_Greenland 74.4400 19.0000 8 5
E_Greenland 72.0000 19.0000 8 6
E_Greenland 66.5635 0.0000 8 7
E_Greenland 65.0000 -14.0000 8 8
E_Greenland 63.7500 -20.0000 8 9
E_Greenland 57.0000 -45.0000 8 10
E_Greenland 80.0000 -45.0000 8 11
E_Greenland 80.4000 -22.5000 8 12
E_Greenland 81.0650 -19.1346 8 13
E_Greenland 81.4000 -12.2500 8 14
E_Greenland 79.7500 11.5000 8 15
E_Greenland 79.0000 14.5000 8 16
E_Greenland 78.7500 18.0000 8 17
Baffin 80.0000 -45.0000 9 1
Baffin 57.0000 -45.0000 9 2
Baffin 44.0000 -45.0000 9 3
Baffin 44.0000 -53.1000 9 4
Baffin 46.8000 -53.1000 9 5
Baffin 47.6600 -53.8800 9 6
Baffin 48.0000 -54.0000 9 7
Baffin 49.5000 -57.5000 9 8
Baffin 51.5000 -56.2000 9 9
Baffin 52.0000 -56.2000 9 10
Baffin 52.0000 -64.6600 9 11
Baffin 60.4200 -64.6600 9 12
Baffin 61.5000 -64.9000 9 13
Baffin 62.0000 -66.0000 9 14
Baffin 63.5000 -70.0000 9 15
Baffin 69.0000 -71.0000 9 16
Baffin 71.2000 -78.2000 9 17
Baffin 72.0000 -77.0000 9 18
Baffin 72.2500 -76.5000 9 19
Baffin 72.5800 -76.2000 9 20
Baffin 72.8800 -76.2000 9 21
Baffin 73.3000 -78.6000 9 22
Baffin 73.6200 -78.2000 9 23
Baffin 74.7000 -80.4900 9 24
Baffin 75.0000 -81.5000 9 25
Baffin 75.6000 -80.2000 9 26
Baffin 75.8600 -79.5000 9 27
Baffin 76.1000 -78.9000 9 28
Baffin 76.5000 -78.4400 9 29
Baffin 76.7000 -78.4400 9 30
Baffin 76.8000 -80.5000 9 31
Baffin 77.1000 -83.0000 9 32
Baffin 77.7000 -82.2000 9 33
Baffin 78.7000 -80.0000 9 34
Baffin 79.6500 -79.0000 9 35
Baffin 81.0000 -73.0000 9 36
Baffin 82.3500 -61.5000 9 37
Baffin 82.0000 -58.0000 9 38
Baffin 80.0000 -53.0000 9 39
Baffin 80.0000 -45.0000 9 40
St_Lawr 52.0000 -56.2000 10 1
St_Lawr 51.5000 -56.2000 10 2
St_Lawr 49.5000 -57.5000 10 3
St_Lawr 48.0000 -54.0000 10 4
St_Lawr 47.6600 -53.8800 10 5
St_Lawr 46.8000 -53.1000 10 6
St_Lawr 44.0000 -53.1000 10 7
St_Lawr 42.5000 -53.1000 10 8
St_Lawr 42.5000 -67.0000 10 9
St_Lawr 46.0000 -67.0000 10 10
St_Lawr 46.0000 -71.0000 10 11
St_Lawr 52.0000 -71.0000 10 12
St_Lawr 52.0000 -64.6600 10 13
St_Lawr 52.0000 -56.2000 10 14
Hudson 71.2000 -78.2000 11 1
Hudson 69.0000 -71.0000 11 2
Hudson 63.5000 -70.0000 11 3
Hudson 62.0000 -66.0000 11 4
Hudson 61.5000 -64.9000 11 5
Hudson 60.4200 -64.6600 11 6
Hudson 57.0000 -64.6600 11 7
Hudson 57.0000 -75.0000 11 8
Hudson 50.0000 -75.0000 11 9
Hudson 50.0000 -100.0000 11 10
Hudson 66.5635 -100.0000 11 11
Hudson 66.5635 -90.0000 11 12
Hudson 66.7500 -90.0000 11 13
Hudson 66.7500 -86.5000 11 14
Hudson 67.5000 -83.0000 11 15
Hudson 69.5000 -83.0000 11 16
Hudson 70.0000 -82.2000 11 17
Hudson 70.6400 -83.0000 11 18
Hudson 71.2000 -78.2000 11 19
Can_Arch 82.3500 -61.5000 12 1
Can_Arch 81.0000 -73.0000 12 2
Can_Arch 79.6500 -79.0000 12 3
Can_Arch 78.7000 -80.0000 12 4
Can_Arch 77.7000 -82.2000 12 5
Can_Arch 77.1000 -83.0000 12 6
Can_Arch 76.8000 -80.5000 12 7
Can_Arch 76.7000 -78.4400 12 8
Can_Arch 76.5000 -78.4400 12 9
Can_Arch 76.1000 -78.9000 12 10
Can_Arch 75.8600 -79.5000 12 11
Can_Arch 75.6000 -80.2000 12 12
Can_Arch 75.0000 -81.5000 12 13
Can_Arch 74.7000 -80.4900 12 14
Can_Arch 73.6200 -78.2000 12 15
Can_Arch 73.3000 -78.6000 12 16
Can_Arch 72.8800 -76.2000 12 17
Can_Arch 72.5800 -76.2000 12 18
Can_Arch 72.2500 -76.5000 12 19
Can_Arch 72.0000 -77.0000 12 20
Can_Arch 71.2000 -78.2000 12 21
Can_Arch 70.6400 -83.0000 12 22
Can_Arch 70.0000 -82.2000 12 23
Can_Arch 69.5000 -83.0000 12 24
Can_Arch 67.5000 -83.0000 12 25
Can_Arch 66.7500 -86.5000 12 26
Can_Arch 66.7500 -90.0000 12 27
Can_Arch 66.5635 -90.0000 12 28
Can_Arch 66.5635 -100.0000 12 29
Can_Arch 66.5635 -106.0000 12 30
Can_Arch 66.2000 -106.0000 12 31
Can_Arch 66.2000 -108.5000 12 32
Can_Arch 66.5635 -108.5000 12 33
Can_Arch 66.5635 -127.5000 12 34
Can_Arch 70.0000 -127.5000 12 35
Can_Arch 70.5750 -128.0333 12 36
Can_Arch 71.9667 -126.0167 12 37
Can_Arch 72.2500 -124.0000 12 38
Can_Arch 74.0000 -122.5000 12 39
Can_Arch 74.3417 -124.7667 12 40
Can_Arch 76.0917 -123.0167 12 41
Can_Arch 76.2500 -120.5000 12 42
Can_Arch 77.3800 -116.1700 12 43
Can_Arch 77.5000 -116.5000 12 44
Can_Arch 78.0000 -114.6000 12 45
Can_Arch 78.3400 -113.2900 12 46
Can_Arch 78.5000 -110.9000 12 47
Can_Arch 78.7300 -110.5000 12 48
Can_Arch 79.2670 -105.0000 12 49
Can_Arch 80.1000 -99.7000 12 50
Can_Arch 81.3000 -94.0000 12 51
Can_Arch 81.6400 -91.7500 12 52
Can_Arch 81.8000 -90.0000 12 53
Can_Arch 81.8560 -79.4250 12 54
Can_Arch 82.0000 -75.0000 12 55
Can_Arch 82.4000 -67.0000 12 56
Can_Arch 82.3500 -61.5000 12 57
Bering-NA 65.6500 -158.0000 13 1
Bering-NA 59.5000 -158.0000 13 2
Bering-NA 59.0000 -156.0000 13 3
Bering-NA 58.0000 -156.5000 13 4
Bering-NA 57.0000 -157.6400 13 5
Bering-NA 56.0000 -160.0000 13 6
Bering-NA 55.7500 -160.1700 13 7
Bering-NA 55.6200 -161.1000 13 8
Bering-NA 55.6925 -161.5310 13 9
Bering-NA 55.2900 -162.4600 13 10
Bering-NA 55.2970 -162.6900 13 11
Bering-NA 55.1100 -162.9700 13 12
Bering-NA 55.1270 -163.2350 13 13
Bering-NA 54.9816 -163.2360 13 14
Bering-NA 54.9336 -163.1570 13 15
Bering-NA 54.8346 -163.3620 13 16
Bering-NA 54.7150 -164.1650 13 17
Bering-NA 54.1270 -165.8650 13 18
Bering-NA 53.7440 -166.6230 13 19
Bering-NA 53.4617 -167.1100 13 20
Bering-NA 53.3427 -167.6180 13 21
Bering-NA 53.2820 -168.2740 13 22
Bering-NA 52.9145 -168.9120 13 23
Bering-NA 52.8350 -169.8200 13 24
Bering-NA 52.7330 -170.1370 13 25
Bering-NA 52.6150 -170.7040 13 26
Bering-NA 52.4664 -171.2528 13 27
Bering-NA 52.2980 -172.4426 13 28
Bering-NA 52.0828 -173.1826 13 29
Bering-NA 52.1477 -174.1840 13 30
Bering-NA 52.0209 -175.2272 13 31
Bering-NA 51.9359 -175.8044 13 32
Bering-NA 51.7244 -176.7130 13 33
Bering-NA 51.7326 -177.2540 13 34
Bering-NA 51.6830 -177.9530 13 35
Bering-NA 51.6830 -180.0000 13 36
Bering-NA 66.5635 -180.0000 13 37
Bering-NA 66.5635 -175.5000 13 38
Bering-NA 66.0500 -175.5000 13 39
Bering-NA 66.0500 -169.6500 13 40
Bering-NA 65.6500 -168.0833 13 41
Bering-NA 65.6500 -158.0000 13 42
Bering-Asia 66.5635 180.0000 13 1
Bering-Asia 51.3777 180.0000 13 2
Bering-Asia 51.3777 179.2720 13 3
Bering-Asia 52.0140 177.5617 13 4
Bering-Asia 52.4347 173.6150 13 5
Bering-Asia 52.8240 172.9410 13 6
Bering-Asia 54.5500 168.0000 13 7
Bering-Asia 54.7275 166.6400 13 8
Bering-Asia 55.3180 166.0000 13 9
Bering-Asia 56.0100 163.0450 13 10
Bering-Asia 56.2600 162.8000 13 11
Bering-Asia 56.2600 158.5000 13 12
Bering-Asia 58.0000 160.7500 13 13
Bering-Asia 60.0000 163.0000 13 14
Bering-Asia 62.0000 168.0000 13 15
Bering-Asia 63.0000 166.0000 13 16
Bering-Asia 66.5635 179.0000 13 17
Bering-Asia 66.5635 180.0000 13 18
Okhotsk 63.0000 166.0000 14 1
Okhotsk 62.0000 168.0000 14 2
Okhotsk 60.0000 163.0000 14 3
Okhotsk 58.0000 160.7500 14 4
Okhotsk 56.2600 158.5000 14 5
Okhotsk 52.5000 157.5000 14 6
Okhotsk 51.3100 157.0000 14 7
Okhotsk 50.3160 155.7430 14 8
Okhotsk 49.4196 154.7538 14 9
Okhotsk 49.1075 154.5365 14 10
Okhotsk 48.8358 154.1406 14 11
Okhotsk 48.0466 153.2324 14 12
Okhotsk 47.7408 153.0141 14 13
Okhotsk 47.3250 152.4935 14 14
Okhotsk 47.1333 152.2369 14 15
Okhotsk 46.8100 151.7970 14 16
Okhotsk 46.5157 150.8784 14 17
Okhotsk 46.1910 150.4227 14 18
Okhotsk 45.6395 149.5485 14 19
Okhotsk 45.4761 148.7929 14 20
Okhotsk 45.0538 147.7742 14 21
Okhotsk 44.4963 146.9481 14 22
Okhotsk 44.3839 146.4073 14 23
Okhotsk 44.1505 145.9036 14 24
Okhotsk 43.7638 145.4590 14 25
Okhotsk 43.6688 145.0331 14 26
Okhotsk 43.5000 143.0000 14 27
Okhotsk 45.3590 141.9200 14 28
Okhotsk 46.0609 142.0538 14 29
Okhotsk 47.3570 142.5250 14 30
Okhotsk 48.0970 142.3757 14 31
Okhotsk 50.4100 142.8500 14 32
Okhotsk 52.5400 142.4760 14 33
Okhotsk 53.2200 142.4580 14 34
Okhotsk 53.2070 141.2790 14 35
Okhotsk 53.3500 140.0000 14 36
Okhotsk 53.0000 138.0000 14 37
Okhotsk 53.0000 134.0000 14 38
Okhotsk 63.0000 141.0000 14 39
Okhotsk 63.0000 166.0000 14 40
Japan 53.2200 142.4580 15 1
Japan 52.5400 142.4760 15 2
Japan 50.4100 142.8500 15 3
Japan 48.0970 142.3757 15 4
Japan 47.3570 142.5250 15 5
Japan 46.0609 142.0538 15 6
Japan 45.3590 141.9200 15 7
Japan 43.5000 143.0000 15 8
Japan 42.8260 141.0000 15 9
Japan 42.6727 140.3690 15 10
Japan 42.1290 140.2700 15 11
Japan 41.4900 140.2370 15 12
Japan 41.0650 140.5000 15 13
Japan 40.0000 140.7000 15 14
Japan 37.0000 140.0000 15 15
Japan 35.5000 136.5000 15 16
Japan 35.1300 134.4200 15 17
Japan 34.4500 132.1760 15 18
Japan 34.1580 131.0000 15 19
Japan 33.6360 130.7650 15 20
Japan 33.2800 130.2000 15 21
Japan 35.2630 128.8100 15 22
Japan 38.0000 127.1000 15 23
Japan 42.0000 127.1000 15 24
Japan 50.0000 132.5000 15 25
Japan 53.3500 140.0000 15 26
Japan 53.2070 141.2790 15 27
Bohai 42.0000 127.1000 16 1
Bohai 38.0000 127.1000 16 2
Bohai 35.5000 127.1000 16 3
Bohai 34.6500 126.6650 16 4
Bohai 33.3870 126.5310 16 5
Bohai 31.2150 121.5930 16 6
Bohai 33.0000 117.0000 16 7
Bohai 42.0000 117.0000 16 8
Bohai 42.0000 127.1000 16 9
Baltic 66.6000 23.6000 17 1
Baltic 65.6400 26.9070 17 2
Baltic 60.1700 33.3450 17 3
Baltic 53.0000 30.2000 17 4
Baltic 53.0000 10.0000 17 5
Baltic 55.0000 9.2700 17 6
Baltic 55.5000 9.0000 17 7
Baltic 55.5000 13.0000 17 8
Baltic 55.5000 13.5000 17 9
Baltic 65.0000 13.5000 17 10
Baltic 66.6000 20.0000 17 11
Baltic 66.6000 23.6000 17 12
Gulf_Alaska 62.0000 -137.0000 18 1
Gulf_Alaska 59.0000 -137.2500 18 2
Gulf_Alaska 58.4000 -136.6500 18 3
Gulf_Alaska 58.2500 -136.6500 18 4
Gulf_Alaska 54.7150 -164.1650 18 5
Gulf_Alaska 54.8346 -163.3620 18 6
Gulf_Alaska 54.9336 -163.1570 18 7
Gulf_Alaska 54.9816 -163.2360 18 8
Gulf_Alaska 55.1270 -163.2350 18 9
Gulf_Alaska 55.1100 -162.9700 18 10
Gulf_Alaska 55.2970 -162.6900 18 11
Gulf_Alaska 55.2900 -162.4600 18 12
Gulf_Alaska 55.6925 -161.5310 18 13
Gulf_Alaska 55.6200 -161.1000 18 14
Gulf_Alaska 55.7500 -160.1700 18 15
Gulf_Alaska 56.0000 -160.0000 18 16
Gulf_Alaska 57.0000 -157.6400 18 17
Gulf_Alaska 58.0000 -156.5000 18 18
Gulf_Alaska 59.0000 -156.0000 18 19
Gulf_Alaska 59.5000 -158.0000 18 20
Gulf_Alaska 62.0000 -150.0000 18 21
Gulf_Alaska 62.0000 -137.0000 18 22
